4 1.56099999999999994 1.57299999999999995
8 1.47599999999999998 1.46950000000000003
12 1.44900000000000007 1.44933333333333336
16 1.43699999999999983 1.45399999999999996
20 1.42539999999999978 1.46460000000000012
24 1.42033333333333367 1.48066666666666658
28 1.50114285714285689 1.55571428571428583
32 1.41399999999999992 1.52300000000000013
36 1.41044444444444461 1.69111111111111101
40 1.40809999999999991 1.85220000000000007
80 1.40019999999999989 2.60245000000000060
120 1.39753333333333352 2.89826666666666632
160 1.39505000000000012 3.28342500000000026
200 1.39484000000000008 3.63098000000000010
240 1.39428333333333354 4.55111666666666626
280 1.39307142857142874 5.79665714285714273
320 1.44787500000000002 6.38681249999999956
360 1.39251111111111125 7.15005555555555539
400 1.39382999999999990 7.67947999999999986
800 1.39158000000000004 12.04998999999999931
1020 1.39122352941176453 12.58234117647058703
1024 1.39192578125000010 12.66095703124999972
1028 1.39091828793774330 9.92730739299610754
1200 1.40462333333333333 13.18003999999999820
1600 1.40076749999999972 13.71227750000000079
2000 1.39494600000000002 13.50448800000000027
2400 1.39638333333333331 13.51158333333333417
2800 1.39458857142857151 13.67076857142857271
3200 1.39201249999999965 13.05666499999999886
3600 1.39308666666666681 12.73257999999999868
4000 1.41820199999999996 13.67781800000000203
8000 1.41156299999999990 13.11873049999999985
12000 1.40131533333333325 14.55127766666666744
16000 1.41814700000000005 15.66509774999999927
20000 1.41508999999999996 17.13287139999999908
24000 1.41044999999999998 24.69503966666666628
28000 1.41271585714285730 31.68119371428571185
32000 1.40804787499999984 37.34057812499999329
36000 1.40851622222222250 40.39673511111111992
40000 1.40770500000000021 44.43836900000000156
80000 1.40976524999999997 59.80343320000000062
120000 1.40788326666666652 64.29669573333333688
160000 1.40780925000000012 66.96636082499999532
200000 1.40806403999999996 69.66998757999999725
240000 1.40773186666666672 70.77452416666665158
280000 1.40820394285714290 71.56062019999998824
320000 1.40839724999999993 72.15691772499999956
360000 1.40829087777777784 72.62681774444445182
400000 1.40803096999999999 72.99703453000000763
800000 1.40799162000000000 74.67206306999999299
1200000 1.40809386666666647 77.98916187999999750
1600000 1.92221095499999994 109.86332068999999478
2000000 1.51649602600000000 113.68290588399997887
2400000 1.77995614833333327 101.87538127666665844
2800000 1.46702896142857142 105.24600303428572090
3200000 1.48799967375000031 93.77021803499999919
3600000 1.68838123222222225 91.78357406666665952
4000000 1.83770892700000021 110.74853029200001231
